15 15 14 13
1 2 3 4 5 6 7 5 5 5 6 + 5 5 5 9 9 9 9 9
6 7 8 9 4 9 9 5 5 5 6 7 5 5 5 9 9 9 9 9
3 3 0 3 3 9 9 5 5 5 + 7 5 5 5 9 9 9 9 9
4 4 + 4 4 5 5 5 5 5 6 7 5 5 5 9 9 9 9 9
4 + 4 4 4 5 5 5 5 5 6 7 5 5 5 9 9 9 9 9
4 4 4 4 + 5 5 5 5 5 6 7 5 5 5 9 9 9 9 9
4 4 4 4 4 5 5 5 5 5 6 7 5 5 5 9 9 9 9 9
4 4 4 4 4 5 5 5 5 5 6 7 5 5 5 9 9 9 9 9
4 + 4 4 4 5 5 5 5 5 6 7 5 5 5 9 9 9 9 9
4 4 4 4 + 5 5 5 5 5 6 7 5 5 5 9 9 9 9 9
4 4 4 4 4 5 5 5 5 5 6 7 5 5 5 9 9 9 9 9
4 4 4 4 4 5 5 5 5 5 6 7 + 5 5 9 9 9 9 9
4 4 4 4 4 5 5 5 5 5 6 7 5 5 5 9 9 9 9 9
4 4 4 4 4 5 5 5 5 5 6 7 5 5 5 9 9 9 9 9
4 4 4 4 4 5 5 5 5 5 6 7 5 5 5 9 9 9 9 9
4 4 4 4 4 5 5 5 5 5 6 7 5 5 5 9 9 9 9 9
4 4 4 4 4 5 5 5 5 5 6 7 5 5 5 9 9 9 9 9
4 4 4 4 4 5 5 5 5 5 6 7 5 5 5 9 9 9 9 9
4 4 4 4 4 5 5 5 5 5 6 7 5 5 5 9 9 9 9 9
4 4 4 4 4 5 5 5 5 5 6 7 5 5 5 9 9 9 9 9